pressure:0.0010161899
example:0.0010359219
place:0.0010507207
condition:0.0011296481
wound:0.0012233744
pain:0.0012431062
result:0.0012480392
part:0.0013121676
nerve:0.0015686816
form:0.0017166705
patient:0.001775866
treatment:0.0021853019
blood:0.0022148995
skin:0.0027673913
disease:0.0029400447
bone:0.00304857
